33
2 45 1 3 5 2 4 6 
0 0 7 9 3 0 6 18 
0 0 0 5 17 8 10 4 
0 0 9 11 13 5 0 1 
0 0 6 0 2 10 12 14 
2 6 3 13 15 17 2 0 
2 6 18 1 0 4 14 16 
2 50 -1 19 9 1 18 26 
2 50 2 17 25 -1 20 10 
0 0 19 21 11 3 1 7 
0 0 4 2 8 20 22 12 
0 0 21 -1 -1 13 3 9 
0 0 14 4 10 22 -1 -1 
0 0 11 -1 -1 15 5 3 
0 0 16 6 4 12 -1 -1 
0 0 13 -1 -1 23 17 5 
0 0 24 18 6 14 -1 -1 
1 23 5 15 23 25 8 2 
1 23 26 7 1 6 16 24 
2 54 -1 -1 21 9 7 -1 
2 54 10 8 -1 -1 -1 22 
0 0 -1 -1 -1 11 9 19 
0 0 12 10 20 -1 -1 -1 
2 41 15 -1 -1 29 25 17 
2 41 30 26 18 16 -1 -1 
0 0 17 23 29 31 -1 8 
0 0 32 -1 7 18 24 30 
2 17 -1 -1 -1 -1 32 -1 
2 17 -1 31 -1 -1 -1 -1 
0 0 23 -1 -1 -1 31 25 
0 0 -1 32 26 24 -1 -1 
0 0 25 29 -1 -1 28 -1 
0 0 -1 27 -1 26 30 -1 
1
12 
11 
0 0
45 0 0
0 0 0
0 0 0
0 0 0
0 0 0
6 0 0
6 0 0
50 0 0
50 0 0
0 0 0
0 0 0
0 0 14
0 14 0
0 0 0
0 0 0
0 0 0
0 0 0
23 0 0
23 0 0
54 0 0
54 0 0
0 0 0
0 0 0
41 0 0
41 0 0
0 0 0
0 0 0
17 0 0
17 0 0
0 0 0
0 0 0
0 0 0
0 0 0